          1  3.55469e-01 -5.20481e+00  2.75568e+00
          2  3.32031e-01 -5.13730e+00  3.09267e+00
          3  3.51562e-01 -5.20182e+00  2.80770e+00
          4  2.81250e-01 -5.27810e+00  2.52673e+00
          5  3.59375e-01 -5.27016e+00  2.45028e+00
          6  3.78906e-01 -5.22129e+00  2.66482e+00
          7  3.59375e-01 -5.18381e+00  2.90080e+00
          8  3.00781e-01 -5.21808e+00  2.75020e+00
          9  3.08594e-01 -5.23153e+00  2.68635e+00
         10  3.39844e-01 -5.25969e+00  2.55502e+00
         11  3.55469e-01 -5.21694e+00  2.76522e+00
         12  3.43750e-01 -5.21023e+00  2.80674e+00
         13  3.08594e-01 -5.17453e+00  2.92751e+00
         14  3.35938e-01 -5.22090e+00  2.71061e+00
         15  3.67188e-01 -5.18170e+00  2.97882e+00
         16  3.59375e-01 -5.18196e+00  2.99530e+00
         17  2.96875e-01 -5.22097e+00  2.83015e+00
         18  3.12500e-01 -5.24052e+00  2.72457e+00
         19  3.71094e-01 -5.26412e+00  2.65650e+00
         20  3.08594e-01 -5.30490e+00  2.53823e+00
         21  3.67188e-01 -5.25396e+00  2.69940e+00
         22  3.67188e-01 -5.28866e+00  2.49054e+00
         23  3.82812e-01 -5.34116e+00  2.15633e+00
         24  3.28125e-01 -5.29537e+00  2.37792e+00
         25  3.82812e-01 -5.26658e+00  2.52475e+00
         26  3.51562e-01 -5.28551e+00  2.48132e+00
         27  3.32031e-01 -5.29976e+00  2.37293e+00
         28  2.96875e-01 -5.33566e+00  2.23959e+00
         29  3.20312e-01 -5.32116e+00  2.33544e+00
         30  3.67188e-01 -5.26527e+00  2.57945e+00
         31  3.20312e-01 -5.29948e+00  2.40903e+00
         32  3.28125e-01 -5.29233e+00  2.44218e+00
         33  3.98438e-01 -5.26092e+00  2.53515e+00
         34  3.47656e-01 -5.34141e+00  2.22015e+00
         35  2.85156e-01 -5.31724e+00  2.27879e+00
         36  3.86719e-01 -5.33101e+00  2.18147e+00
         37  3.51562e-01 -5.31204e+00  2.36458e+00
         38  3.51562e-01 -5.29699e+00  2.48455e+00
         39  3.59375e-01 -5.25649e+00  2.63572e+00
         40  3.78906e-01 -5.39222e+00  2.08362e+00
         41  3.71094e-01 -5.32947e+00  2.36266e+00
         42  3.47656e-01 -5.30071e+00  2.48127e+00
         43  3.16406e-01 -5.34435e+00  2.23250e+00
         44  3.94531e-01 -5.28113e+00  2.52656e+00
         45  2.96875e-01 -5.29803e+00  2.42109e+00
         46  3.67188e-01 -5.24816e+00  2.66229e+00
         47  2.96875e-01 -5.37131e+00  2.16294e+00
         48  2.92969e-01 -5.34090e+00  2.26938e+00
         49  3.16406e-01 -5.36533e+00  2.17231e+00
         50  3.67188e-01 -5.26799e+00  2.60429e+00
         51  2.89062e-01 -5.29858e+00  2.41078e+00
         52  3.28125e-01 -5.35552e+00  2.16058e+00
         53  3.82812e-01 -5.37387e+00  2.08536e+00
         54  3.75000e-01 -5.31639e+00  2.21582e+00
         55  3.78906e-01 -5.32801e+00  2.18268e+00
         56  4.21875e-01 -5.26727e+00  2.45041e+00
         57  3.28125e-01 -5.29294e+00  2.32192e+00
         58  3.90625e-01 -5.30865e+00  2.26587e+00
         59  3.43750e-01 -5.33226e+00  2.12662e+00
         60  3.59375e-01 -5.44505e+00  1.66799e+00
         61  3.32031e-01 -5.36849e+00  2.03200e+00
         62  3.28125e-01 -5.40986e+00  1.77225e+00
         63  3.63281e-01 -5.38430e+00  1.78380e+00
         64  3.12500e-01 -5.38412e+00  1.80311e+00
         65  3.55469e-01 -5.33642e+00  2.10131e+00
         66  3.47656e-01 -5.31610e+00  2.08189e+00
         67  3.47656e-01 -5.36241e+00  1.87552e+00
         68  3.55469e-01 -5.27202e+00  2.24143e+00
         69  3.35938e-01 -5.29997e+00  2.14660e+00
         70  3.59375e-01 -5.30954e+00  2.13348e+00
         71  3.67188e-01 -5.29817e+00  2.17387e+00
         72  3.71094e-01 -5.30362e+00  2.16925e+00
         73  3.98438e-01 -5.29982e+00  2.18337e+00
         74  3.08594e-01 -5.25927e+00  2.38813e+00
         75  3.20312e-01 -5.28378e+00  2.27018e+00
         76  3.55469e-01 -5.33199e+00  2.03966e+00
         77  3.59375e-01 -5.35411e+00  1.87962e+00
         78  3.75000e-01 -5.29388e+00  2.16503e+00
         79  3.32031e-01 -5.36071e+00  1.90848e+00
         80  3.47656e-01 -5.38244e+00  1.86991e+00
         81  3.67188e-01 -5.42341e+00  1.66461e+00
         82  3.32031e-01 -5.43380e+00  1.58143e+00
         83  3.55469e-01 -5.40629e+00  1.66716e+00
         84  3.71094e-01 -5.32712e+00  2.02664e+00
         85  3.51562e-01 -5.29911e+00  2.18170e+00
         86  3.32031e-01 -5.25415e+00  2.39777e+00
         87  3.55469e-01 -5.31852e+00  2.10477e+00
         88  3.63281e-01 -5.37214e+00  1.90745e+00
         89  3.59375e-01 -5.35179e+00  1.94186e+00
         90  3.71094e-01 -5.39858e+00  1.72368e+00
         91  3.00781e-01 -5.35921e+00  1.99962e+00
         92  3.67188e-01 -5.39005e+00  1.84233e+00
         93  3.24219e-01 -5.38846e+00  1.85333e+00
         94  3.98438e-01 -5.39401e+00  1.83720e+00
         95  3.24219e-01 -5.39000e+00  1.82522e+00
         96  3.00781e-01 -5.40193e+00  1.73930e+00
         97  3.39844e-01 -5.35917e+00  1.91298e+00
         98  4.06250e-01 -5.33557e+00  1.95509e+00
         99  3.63281e-01 -5.29923e+00  2.11396e+00
        100  3.98438e-01 -5.27692e+00  2.25549e+00
